273097093550480482149776482929753040226
267569002556208383620979757021269577302
335292248450976344323133260575758887029
69551700919125000279848082007360150532
78500242504021041846297113499533182560
20634746167286197924708232685770017847
17324359437221595872829106219704342953
63525225033949883996787584239642540529
142626390565346004960560479902549319164
78833277801957253724588398618000011407
21758098795554441431330934222347468527
104819006138782608182480822927885581410
132748861923191258575304394985101041296
64413805161389054448060337523763408502
267701320028634087811906234736047375815
302427267042194802963610891649961078484
307191452906625134555061069388365565562
214633403920563687046760422408210314363
238442769315332817429834374203121563276
12117095097506048635605294237498877689
43418655617434801222875416428019585508
179416417239123275451534840818713094501
292696085737949913463377651952435915040
129514269827831561353711080555545163053
64296129870296034077244221026027209909
39399514286764962838046917863365671635
244297765610684123321551013389096674225
276467337627325526895829438075126241955
325029911274843958361507714825845517823
263208867240141320724045650726987415006
23265959877116268802078120309803198314
288235690747455555386263587885708199583
301903665724289139437155641372354640295
20720117427786591610498513785047492522
274399536388549959627576137886118871098
328335763521155299264180445698996414469
195646318475480557787117519812816256718
258777765062808838554602047877955372887
47637128629657249961711719802539655335
281608970129727459302794843900611622448
176921198351467154497840845469543707118
299986240458018372902586791206387559498
157988941126938360195142794794718262773
257051855579076156363013121019777349514
334804842681080078397986832154220244860
52844270045965856627916009931835718727
116858983426055654777126730561763708845
585141084754570888476081077695043465
119248981274542134082687067703656464747
139586216256283685636110145152899660439
258745582700970612915045949117598873447
51840737411426965949130017695995561207
124780911362410668025247543537505734708
191461554095967610496126038938286329182
329990839812317162816906502248571703163
324796214954477367193272696529650624306
189973368788629962102870074845634553121
248479097719516931003635046858096460205
207674992918994432659767336712529726966
126600887147248174435828802224282448993
214218770328046471275873333795847373986
107827951625120734865380670208673539407
16286168821743674996814910576474764368
162414283062995136407315733150421140358
221223032814110473185815417880199171603
305403935917637664002700976254851207191
309493151522084834355355763252509266045
240529735576956499646011015067001597292
192818764644247578995076773034511866436
83965448877239072814051869450502430946
288868484549123674753102112286847484495
134545573645733635387383816720332184927
174688697616105552576902901554919931110
304689356078926659658000579504722884918
115174148764765805505726767940078656168
278915102031081583849952823558983241796
172748821327351147892148642216504366000
84359966155010905736035510789715848565
156241513544421042870506415223252085545
217456636138123834202567333620158143953
260021006903326261358070474940400590211
273196994754210806764835314337516791085
318671420355772228348593334192474610252
49085234668172114320812658231201959391
254470649005569094831481347797631195347
62889405183002439239813254722271964769
111935280126992345837531508961489114638
189945524065860335971269483584579230462
290850499562019240095524785845401813244
62051441549060461980049467481819290380
19448103787657427757206865094962149016
168275107383781154862300568106220608387
152733450161263995931568750564886067790
173651617044183658822350147000752139514
52077489035957014423881311610930306602
215316289596676084212034213767004294418
181110580876572221447765808556219240796
168733040113570666459843457517669926792
7839795478625112334021254776927419599
98300000745120649355674641307125766633